input for 4 by 4 by 4 3d										
125	64	1	1							
1	1	2	0	0	0	0				
2	3	4	0	1	0	0				
3	0	5	0	2	0	0				
4	6	7	0	3	0	0				
5	8	9	0	4	0	0				
6	10	11	12	0	0	1				
7	13	14	15	1	0	1				
8	16	17	18	2	0	1				
9	19	20	21	3	0	1				
10	22	23	24	4	0	1				
11	25	26	27	0	0	2				
12	28	29	30	1	0	2				
13	31	32	33	2	0	2				
14	34	35	36	3	0	2				
15	37	38	39	4	0	2				
16	40	41	42	0	0	3				
17	43	44	45	1	0	3				
18	46	47	48	2	0	3				
19	49	50	51	3	0	3				
20	52	53	54	4	0	3				
21	55	56	57	0	0	4				
22	58	59	60	1	0	4				
23	61	62	63	2	0	4				
24	64	65	66	3	0	4				
25	67	68	69	4	0	4				
26	70	71	0	0	1	0				
27	72	73	0	1	1	0				
28	74	75	0	2	1	0				
29	76	77	0	3	1	0				
30	78	79	0	4	1	0				
31	80	81	82	0	1	1				
32	83	84	85	1	1	1				
33	86	87	88	2	1	1				
34	89	90	91	3	1	1				
35	92	93	94	4	1	1				
36	95	96	97	0	1	2				
37	98	99	100	1	1	2				
38	101	102	103	2	1	2				
39	104	105	106	3	1	2				
40	107	108	109	4	1	2				
41	110	111	112	0	1	3				
42	113	114	115	1	1	3				
43	116	117	118	2	1	3				
44	119	120	121	3	1	3				
45	122	123	124	4	1	3				
46	125	126	127	0	1	4				
47	128	129	130	1	1	4				
48	131	132	133	2	1	4				
49	134	135	136	3	1	4				
50	137	138	139	4	1	4				
51	140	141	0	0	2	0				
52	142	143	0	1	2	0				
53	0	0	0	2	2	0				
54	144	145	0	3	2	0				
55	146	147	0	4	2	0				
56	148	149	150	0	2	1				
57	151	152	153	1	2	1				
58	154	155	156	2	2	1				
59	157	158	159	3	2	1				
60	160	161	162	4	2	1				
61	163	164	165	0	2	2				
62	166	167	168	1	2	2				
63	169	170	171	2	2	2				
64	172	173	174	3	2	2				
65	175	176	177	4	2	2				
66	178	179	180	0	2	3				
67	181	182	183	1	2	3				
68	184	185	186	2	2	3				
69	187	188	189	3	2	3				
70	190	191	192	4	2	3				
71	193	194	195	0	2	4				
72	196	197	198	1	2	4				
73	199	200	201	2	2	4				
74	202	203	204	3	2	4				
75	205	206	207	4	2	4				
76	208	209	0	0	3	0				
77	210	211	0	1	3	0				
78	212	213	0	2	3	0				
79	214	215	0	3	3	0				
80	216	217	0	4	3	0				
81	218	219	220	0	3	1				
82	221	222	223	1	3	1				
83	224	225	226	2	3	1				
84	227	228	229	3	3	1				
85	230	231	232	4	3	1				
86	233	234	235	0	3	2				
87	236	237	238	1	3	2				
88	239	240	241	2	3	2				
89	242	243	244	3	3	2				
90	245	246	247	4	3	2				
91	248	249	250	0	3	3				
92	251	252	253	1	3	3				
93	254	255	256	2	3	3				
94	257	258	259	3	3	3				
95	260	261	262	4	3	3				
96	263	264	265	0	3	4				
97	266	267	268	1	3	4				
98	269	270	271	2	3	4				
99	272	273	274	3	3	4				
100	275	276	277	4	3	4				
101	278	279	0	0	4	0				
102	280	281	0	1	4	0				
103	282	283	0	2	4	0				
104	284	285	0	3	4	0				
105	286	287	0	4	4	0				
106	288	289	290	0	4	1				
107	291	292	293	1	4	1				
108	294	295	296	2	4	1				
109	297	298	299	3	4	1				
110	300	301	302	4	4	1				
111	303	304	305	0	4	2				
112	306	307	308	1	4	2				
113	309	310	311	2	4	2				
114	312	313	314	3	4	2				
115	315	316	317	4	4	2				
116	318	319	320	0	4	3				
117	321	322	323	1	4	3				
118	324	325	326	2	4	3				
119	327	328	329	3	4	3				
120	330	331	332	4	4	3				
121	333	334	335	0	4	4				
122	336	337	338	1	4	4				
123	339	340	341	2	4	4				
124	342	343	344	3	4	4				
125	345	346	347	4	4	4				
64	3	8	1							
1	1	8	6	7	32	31	1	2	27	26
2	1	8	7	8	33	32	2	3	28	27
3	1	8	8	9	34	33	3	4	29	28
4	1	8	9	10	35	34	4	5	30	29
5	1	8	11	12	37	36	6	7	32	31
6	1	8	12	13	38	37	7	8	33	32
7	1	8	13	14	39	38	8	9	34	33
8	1	8	14	15	40	39	9	10	35	34
9	1	8	16	17	42	41	11	12	37	36
10	1	8	17	18	43	42	12	13	38	37
11	1	8	18	19	44	43	13	14	39	38
12	1	8	19	20	45	44	14	15	40	39
13	1	8	21	22	47	46	16	17	42	41
14	1	8	22	23	48	47	17	18	43	42
15	1	8	23	24	49	48	18	19	44	43
16	1	8	24	25	50	49	19	20	45	44
17	1	8	31	32	57	56	26	27	52	51
18	1	8	32	33	58	57	27	28	53	52
19	1	8	33	34	59	58	28	29	54	53
20	1	8	34	35	60	59	29	30	55	54
21	1	8	36	37	62	61	31	32	57	56
22	1	8	37	38	63	62	32	33	58	57
23	1	8	38	39	64	63	33	34	59	58
24	1	8	39	40	65	64	34	35	60	59
25	1	8	41	42	67	66	36	37	62	61
26	1	8	42	43	68	67	37	38	63	62
27	1	8	43	44	69	68	38	39	64	63
28	1	8	44	45	70	69	39	40	65	64
29	1	8	46	47	72	71	41	42	67	66
30	1	8	47	48	73	72	42	43	68	67
31	1	8	48	49	74	73	43	44	69	68
32	1	8	49	50	75	74	44	45	70	69
33	1	8	56	57	82	81	51	52	77	76
34	1	8	57	58	83	82	52	53	78	77
35	1	8	58	59	84	83	53	54	79	78
36	1	8	59	60	85	84	54	55	80	79
37	1	8	61	62	87	86	56	57	82	81
38	1	8	62	63	88	87	57	58	83	82
39	1	8	63	64	89	88	58	59	84	83
40	1	8	64	65	90	89	59	60	85	84
41	1	8	66	67	92	91	61	62	87	86
42	1	8	67	68	93	92	62	63	88	87
43	1	8	68	69	94	93	63	64	89	88
44	1	8	69	70	95	94	64	65	90	89
45	1	8	71	72	97	96	66	67	92	91
46	1	8	72	73	98	97	67	68	93	92
47	1	8	73	74	99	98	68	69	94	93
48	1	8	74	75	100	99	69	70	95	94
49	1	8	81	82	107	106	76	77	102	101
50	1	8	82	83	108	107	77	78	103	102
51	1	8	83	84	109	108	78	79	104	103
52	1	8	84	85	110	109	79	80	105	104
53	1	8	86	87	112	111	81	82	107	106
54	1	8	87	88	113	112	82	83	108	107
55	1	8	88	89	114	113	83	84	109	108
56	1	8	89	90	115	114	84	85	110	109
57	1	8	91	92	117	116	86	87	112	111
58	1	8	92	93	118	117	87	88	113	112
59	1	8	93	94	119	118	88	89	114	113
60	1	8	94	95	120	119	89	90	115	114
61	1	8	96	97	122	121	91	92	117	116
62	1	8	97	98	123	122	92	93	118	117
63	1	8	98	99	124	123	93	94	119	118
64	1	8	99	100	125	124	94	95	120	119
1										
3										
1   1000  0.3								
0.5										
0.5										
0.5										
0.5										
0.5										
0.5										
0.5										
0.5										
0.5										
0.5										
0.5										
0.5										
0.5										
0.5										
0.5										
0.5										
0.5										
0.5										
0.5										
0.5										
0.5										
0.5										
0.5										
0.5										
0.5										
0.5										
0.5										
0.5										
0.5										
0.5										
0.5										
0.5										
0.5										
0.5										
0.5										
0.5										
0.5										
0.5										
0.5										
0.5										
0.5										
0.5										
0.5										
0.5										
0.5										
0.5										
0.5										
0.5										
0.5										
0.5										
0.5										
0.5										
0.5										
0.5										
0.5										
0.5										
0.5										
0.5										
0.5										
0.5										
0.5										
0.5										
0.5										
0.5										
1	25	1.0								
21	2	1								
22	2	2								
23	2	2								
24	2	2								
25	2	1								
46	2	2								
47	2	4								
48	2	4								
49	2	4								
50	2	2								
71	2	2								
72	2	4								
73	2	4								
74	2	4								
75	2	2								
96	2	2								
97	2	4								
98	2	4								
99	2	4								
100	2	2								
121	2	1								
122	2	2								
123	2	2								
124	2	2								
125	2	1								
3	3.1	0.001	0.1	0.1	0.1					

